var geometry = 
    /* color: #02d6bf */
    /* shown: false */
    ee.Geometry.MultiPoint(
        [[-121.69102416992187, 39.76665054706106],
         [-121.6704248046875, 39.74975906209016],
         [-121.65669189453125, 39.73708772972515],
         [-121.64570556640625, 39.71596366466098],
         [-121.6264794921875, 39.71173807504374],
         [-121.60038696289062, 39.69271971858151],
         [-121.599013671875, 39.673696121027014],
         [-121.54682861328125, 39.724414067312416],
         [-121.577041015625, 39.729695043137625],
         [-121.61, 39.74553554354117],
         [-121.63609252929687, 39.77509473591258],
         [-121.60862670898437, 39.78248255145433],
         [-121.58390747070312, 39.80991606524739],
         [-121.577041015625, 39.7867038042539],
         [-121.55918823242187, 39.76981723926326],
         [-121.54545532226562, 39.69588980864089],
         [-121.54545532226562, 39.69588980864089],
         [-121.49189697265625, 39.70645572401305],
         [-121.511123046875, 39.75292653108903],
         [-121.4726708984375, 39.75292653108903],
         [-121.4781640625, 39.80358622561076],
         [-121.53172241210937, 39.80569623690878],
         [-121.53172241210937, 39.80569623690878],
         [-121.55918823242187, 39.83101132156629],
         [-121.51249633789062, 39.843665366807244],
         [-121.39439331054687, 39.83101132156629],
         [-121.51386962890625, 39.740255781265844],
         [-121.405361315643, 39.62580710803471],
         [-121.3559228390805, 39.606765087325805],
         [-121.2460595578305, 39.63215328412945],
         [-121.26940550509613, 39.593009259116606],
         [-121.295498034393, 39.66176107536845],
         [-121.34356321993988, 39.665989724821614],
         [-121.31335081759613, 39.64484388995978],
         [-121.32983030978363, 39.742061157676815],
         [-121.33807005587738, 39.79061843717199],
         [-121.29412474337738, 39.85601101092627],
         [-121.34768309298676, 39.85390254451801],
         [-121.3119775265805, 39.82648658726979],
         [-121.38750853243988, 39.801169835652864],
         [-121.43694700900238, 39.780065420043464],
         [-121.3449365109555, 39.72621985867283],
         [-121.29275145236176, 39.721994897425965],
         [-121.25567259493988, 39.813829377060884],
         [-121.240566393768, 39.74417305580157],
         [-121.22820677462738, 39.5983002855989],
         [-121.14855589572113, 39.63321092355171],
         [-121.20348753634613, 39.71460059234517],
         [-121.24193968478363, 39.6913561870348],
         [-121.1911279172055, 39.66176107536845],
         [-121.09362425509613, 39.74628488919979],
         [-121.08401121798676, 39.70509246382162],
         [-121.17190184298676, 39.79061843717199],
         [-121.28176512423676, 39.784286821125576],
         [-120.90411009493988, 39.85917358908918],
         [-120.867031237518, 39.88657649455318],
         [-120.9164697140805, 39.83281431811572],
         [-120.9494286984555, 39.80327992110169],
         [-120.98376097384613, 39.776899199285005],
         [-121.04143919650238, 39.74100518434228],
         [-121.07851805392426, 39.695583024919046],
         [-121.13894285861176, 39.69875298347924],
         [-121.1361962765805, 39.777954622389686],
         [-121.0373193234555, 39.79905968545377],
         [-121.09087767306488, 39.82015827357699],
         [-121.1142236203305, 39.6913561870348],
         [-121.17602171603363, 39.76951078437701],
         [-121.29961790743988, 39.583484393027646],
         [-122.67432521533992, 39.149260821431305],
         [-122.67432521533992, 39.149260821431305],
         [-122.81165431690242, 39.26418600061108],
         [-122.90503810596492, 39.27694385485862],
         [-122.78968166065242, 39.4892326327325],
         [-122.69080470752742, 39.667055885854616],
         [-122.88855861377742, 39.56126366673013],
         [-122.92151759815242, 39.743126143973065],
         [-122.78418849658992, 39.8823703864065],
         [-122.98194240283992, 39.94978118098179],
         [-123.19068263721492, 40.04656792015103],
         [-123.03687404346492, 40.13481858107534],
         [-123.11377834033992, 40.04236265385457],
         [-123.17420314502742, 40.31097647583238],
         [-123.28955959033992, 40.2565003646542],
         [-123.28955959033992, 40.13901813907329],
         [-122.93250392627742, 39.932934703108536],
         [-122.78418849658992, 39.76001925544739],
         [-122.76770900440242, 39.709327494071296],
         [-122.98194240283992, 39.62898931292536],
         [-122.81165431690242, 39.24717191540899],
         [-122.71277736377742, 39.29395071391799],
         [-122.77869533252742, 39.213131359885736],
         [-122.77320216846492, 39.16629863888204],
         [-122.69629787158992, 39.63237380530314],
         [-122.77869533252742, 39.65352345390929],
         [-122.70179103565242, 39.57735445134847],
         [-123.00391505908992, 39.5731203827938],
         [-122.94898341846492, 39.539238524846404]]);
